AdjacencyGraph
500
998
0
2
3
8
10
11
15
18
19
21
23
25
27
29
30
31
34
36
39
40
42
45
46
47
48
50
51
52
53
55
58
60
61
63
66
67
68
71
72
74
75
78
80
83
85
86
87
88
90
93
95
98
100
101
106
107
108
112
115
118
121
125
128
129
133
137
141
142
143
145
147
150
151
153
154
156
157
159
160
161
164
166
168
170
172
173
174
175
177
180
181
182
183
184
186
188
190
191
192
194
196
197
200
201
205
206
208
209
212
215
219
223
224
227
229
231
233
236
238
240
243
245
247
248
249
254
256
257
259
260
264
265
266
268
271
272
273
275
276
278
280
282
283
286
287
288
289
291
292
293
295
296
298
302
304
305
306
309
310
312
314
317
319
320
323
325
328
329
332
334
337
340
341
344
345
347
349
351
352
353
354
356
358
363
368
369
370
371
373
375
377
379
383
385
387
388
391
395
397
399
400
404
406
408
410
411
414
416
417
419
422
423
426
431
432
433
435
438
439
442
444
446
447
449
450
451
454
456
457
459
462
463
464
466
468
470
472
474
476
478
479
481
482
484
487
489
492
495
498
501
503
507
510
511
513
515
518
520
522
524
525
527
529
531
534
536
539
541
542
544
549
550
553
554
555
557
559
561
565
569
571
572
574
575
577
579
582
584
585
587
590
592
594
596
600
602
604
605
607
608
611
613
614
615
617
619
621
622
623
625
627
628
630
632
636
638
640
641
643
644
646
648
649
652
656
658
660
662
665
666
668
670
671
673
677
680
682
684
686
687
690
692
694
696
697
700
702
703
705
706
708
710
711
713
715
717
719
723
725
726
728
731
732
733
736
741
743
744
745
747
750
752
755
758
760
763
766
767
768
770
772
774
776
778
779
780
782
784
785
786
788
790
791
793
794
796
797
798
800
801
804
805
808
809
810
811
813
815
816
817
819
821
824
826
827
829
831
835
836
837
839
842
843
844
846
850
852
853
855
858
860
863
866
870
871
873
875
876
878
880
882
885
887
888
889
891
894
895
897
899
902
905
906
908
910
913
915
919
921
923
924
925
926
927
928
929
930
932
934
937
940
941
943
945
946
949
950
951
953
954
957
958
959
960
962
966
967
970
974
978
979
981
983
986
990
992
993
994
995
997
65
246
11
50
53
170
310
357
9
432
420
14
17
285
344
21
120
168
191
34
209
3
407
229
291
1
444
88
271
198
5
113
359
405
129
239
5
277
335
269
103
351
150
342
406
6
263
289
119
355
329
205
57
64
266
44
65
113
57
258
411
169
456
127
294
470
8
101
55
313
447
228
183
381
248
200
202
397
201
280
250
374
384
64
133
29
47
176
45
109
144
226
275
167
198
2
121
319
222
311
295
2
277
369
416
449
278
36
140
185
241
430
27
30
115
236
473
494
64
242
288
240
243
397
460
72
81
256
202
180
218
317
352
28
43
59
461
0
29
138
432
70
103
363
487
304
316
66
126
399
381
61
130
492
424
456
469
133
315
450
327
107
203
230
187
410
61
152
261
263
211
425
292
290
160
251
355
12
161
498
208
410
254
406
170
296
122
327
214
458
340
416
315
383
180
259
119
35
240
324
424
19
67
192
430
206
411
488
182
79
342
447
196
415
467
47
228
323
343
128
312
356
358
121
194
235
350
15
29
232
393
57
285
369
375
435
136
374
391
416
24
100
191
6
327
50
111
94
268
176
190
270
368
493
336
498
70
33
350
110
16
134
273
441
72
456
200
466
43
76
390
129
365
117
474
269
65
163
212
442
56
184
344
267
438
483
293
48
149
305
468
249
360
145
371
20
153
218
81
286
360
493
151
226
464
341
204
304
414
372
308
333
195
419
86
225
329
88
173
434
138
260
453
221
448
292
318
394
183
49
282
380
6
364
32
212
409
2
93
440
283
213
290
372
161
379
441
275
480
46
124
246
454
200
63
99
215
495
106
305
313
314
378
38
166
193
265
472
140
56
487
80
364
201
429
281
332
124
284
7
119
217
401
103
247
183
468
112
159
444
486
108
298
314
353
253
427
13
49
487
40
132
179
348
41
188
40
62
79
287
156
26
233
243
104
416
337
89
368
8
244
425
455
83
374
488
139
169
415
421
439
172
95
181
452
234
367
429
191
63
151
380
243
269
449
469
164
51
414
333
484
160
312
437
48
153
449
37
109
10
303
492
79
457
114
456
205
249
216
260
112
493
58
401
424
476
357
370
16
60
101
56
59
247
60
205
219
209
361
297
353
436
0
177
286
192
242
283
39
300
435
147
233
42
340
418
483
87
257
428
356
197
486
91
265
364
376
448
61
452
251
492
30
328
99
163
234
82
471
326
433
22
82
392
409
434
183
254
278
28
277
142
123
339
18
137
219
324
499
124
12
276
423
420
129
354
408
48
175
271
469
17
53
266
422
54
265
382
388
417
427
41
189
339
167
171
247
190
347
5
115
326
152
246
203
59
497
23
337
437
85
172
10
420
84
165
143
303
345
432
33
445
52
454
93
245
399
196
333
403
462
248
459
453
344
229
293
69
156
146
182
356
375
158
336
373
451
2
51
477
110
225
36
182
363
450
182
196
76
98
69
63
419
165
50
496
370
400
382
392
475
490
109
341
352
399
101
269
386
445
262
285
78
94
120
258
25
160
349
377
390
189
482
158
223
299
446
364
491
493
17
359
125
308
207
289
386
268
281
430
96
250
155
323
20
107
109
5
141
302
293
477
472
284
413
200
330
432
112
127
19
63
323
196
245
274
486
24
87
110
252
306
450
2
238
110
15
335
148
152
426
244
479
68
313
395
168
187
255
334
431
135
389
466
216
124
208
53
116
478
238
320
149
412
474
157
172
428
309
431
42
117
211
116
307
485
255
330
182
479
174
385
167
218
38
71
278
321
98
42
379
438
325
338
487
278
365
411
133
331
118
263
322
114
165
491
363
440
40
60
401
70
297
323
320
191
236
398
440
299
424
15
489
20
92
9
274
169
264
80
90
31
105
389
371
494
347
156
222
108
212
53
97
118
206
279
250
159
317
4
272
291
212
277
271
445
74
102
237
404
83
209
360
197
279
251
372
455
188
216
56
103
339
364
373
484
3
65
293
349
262
162
264
116
248
245
225
289
142
385
212
458
170
396
402
129
174
139
488
11
195
294
325
423
333
36
107
164
255
53
220
227
77
313
356
309
215
256
163
301
178
295
484
210
428
32
74
131
232
231
471
95
439
300
60
64
299
467
154
484
132
366
108
463
146
193
481
75
220
276
33
261
457
183
346
58
136
371
479
322
237
311
345
369
362
378
474
175
468
332
142
250
224
431
454
465
375
195
253
354
68
186
199
387
105
211
443
490
405
322
488
334
394
73
229
257
124
152
235
334
58
412
181
319
288
88
125
269
